0.01 0.01 0.01
-0.98588258 -0.73895364 -0.77504795
-0.39007322 -0.29199095 -0.3697185
-0.3571791 -0.26732407 -0.35781421
-0.34764799 -0.26017782 -0.35553466
-0.3444524 -0.25778199 -0.35503305
-0.34331603 -0.25693003 -0.35491666
-0.34289985 -0.256618 -0.35488887
-0.34274489 -0.25650183 -0.35488212
-0.34268664 -0.25645814 -0.35488045
-0.3426646 -0.25644162 -0.35488003
-0.34265623 -0.25643534 -0.35487993
-0.34265304 -0.25643295 -0.3548799
-0.34265183 -0.25643204 -0.35487989
-0.34265137 -0.25643169 -0.35487989
-0.34265119 -0.25643156 -0.35487989
-0.34265112 -0.25643151 -0.35487989
-0.34265109 -0.25643149 -0.35487989
-0.34265109 -0.25643148 -0.35487989
-0.34265108 -0.25643148 -0.35487989
-0.34265108 -0.25643148 -0.35487989
-0.34265108 -0.25643148 -0.35487989
-0.34265108 -0.25643148 -0.35487989
-0.34265108 -0.25643148 -0.35487989
-0.34265108 -0.25643148 -0.35487989
-0.34265108 -0.25643148 -0.35487989
-0.34265108 -0.25643148 -0.35487989
-0.34265108 -0.25643148 -0.35487989
-0.34265108 -0.25643148 -0.35487989
-0.34265108 -0.25643148 -0.35487989
-0.34265108 -0.25643148 -0.35487989
-0.34265108 -0.25643148 -0.35487989
-0.34265108 -0.25643148 -0.35487989
-0.34265108 -0.25643148 -0.35487989
-0.34265108 -0.25643148 -0.35487989
-0.34265108 -0.25643148 -0.35487989
-0.34265108 -0.25643148 -0.35487989
-0.34265108 -0.25643148 -0.35487989
-0.34265108 -0.25643148 -0.35487989
-0.34265108 -0.25643148 -0.35487989
-0.34265108 -0.25643148 -0.35487989
-0.34265108 -0.25643148 -0.35487989
-0.34265108 -0.25643148 -0.35487989
-0.34265108 -0.25643148 -0.35487989
-0.34265108 -0.25643148 -0.35487989
-0.34265108 -0.25643148 -0.35487989
-0.34265108 -0.25643148 -0.35487989
-0.34265108 -0.25643148 -0.35487989
-0.34265108 -0.25643148 -0.35487989
-0.34265108 -0.25643148 -0.35487989
-0.34265108 -0.25643148 -0.35487989
