0.200263  0.200245  0.200871  
0.200384  0.200358  0.201164
0.200453  0.200422  0.201228
0.200479  0.200447  0.2013
0.20049  0.200457  0.201325  
0.200495  0.200462  0.201333
0.200498  0.200464  0.201336
0.199437  0.199467  0.200337
0.198375  0.198469  0.198447
0.198376  0.198469  0.198448
0.198376  0.19847  0.198448
0.198376  0.19847  0.198448
0.198376  0.19847  0.198448  
0.198376  0.19847  0.198448
0.198376  0.19847  0.198448
0.198376  0.19847  0.198448
0.198376  0.19847  0.198448
0.198376  0.19847  0.198448
0.198376  0.19847  0.198448
0.198376  0.19847  0.198448  
0.198376  0.19847  0.198448
0.198376  0.19847  0.198448
0.198376  0.19847  0.198448
0.198376  0.19847  0.198448
0.197321  0.197471  0.196965
0.197321  0.197471  0.196965
0.197321  0.197471  0.196965
0.197321  0.197471  0.196965  
0.197321  0.197471  0.196965
0.197321  0.197471  0.196965
0.197321  0.197471  0.196965
0.197321  0.197471  0.196965
0.197321  0.197471  0.196965
0.197321  0.197471  0.196965
0.196269  0.196472  0.195965
0.196269  0.196472  0.195965  
0.196269  0.196472  0.195965
0.196269  0.196472  0.195965
0.196269  0.196472  0.195965
0.196269  0.196472  0.195965
0.196269  0.196472  0.195965
0.196269  0.196472  0.195965
0.196269  0.196472  0.195965
0.19522  0.195473  0.194521  
0.19417  0.194474  0.193521
0.193121  0.193475  0.192521
0.193121  0.193475  0.192521
0.193121  0.193475  0.192521
0.193121  0.193475  0.192521
0.193121  0.193475  0.192521
0.193121  0.193475  0.192521  
0.193121  0.193475  0.192521
0.193121  0.193475  0.192521
0.192074  0.192476  0.18897
0.191027  0.191478  0.18797
0.191027  0.191478  0.18797
0.191027  0.191478  0.18797
0.191027  0.191478  0.18797
0.191027  0.191478  0.18797
0.191027  0.191478  0.18797
0.191027  0.191478  0.18797  
0.191027  0.191478  0.18797
0.189981  0.19048  0.186826
0.188935  0.189481  0.183915
0.18789  0.188483  0.182915
0.186844  0.187484  0.181915
0.186844  0.187484  0.181915
0.186844  0.187484  0.181915
0.186844  0.187484  0.181915
0.186844  0.187484  0.181915
0.186844  0.187484  0.181915  
0.186844  0.187484  0.181915
0.186844  0.187484  0.181915
0.1858  0.186485  0.179791
0.184756  0.185487  0.1779
0.183712  0.184488  0.176374
0.183712  0.184488  0.176374  
0.183712  0.184488  0.176374
0.183712  0.184488  0.176374  
0.183712  0.184488  0.176374
0.182669  0.183489  0.17425
0.181627  0.18249  0.17325
0.180584  0.181491  0.169699
0.180584  0.181491  0.169699
0.180584  0.181491  0.169699  
0.180584  0.181491  0.169699
0.180584  0.181491  0.169699
0.180584  0.181491  0.169699  
0.180584  0.181491  0.169699
0.179543  0.180493  0.166788
0.178502  0.179494  0.164197
0.177461  0.178495  0.161959
0.176421  0.177496  0.160455
0.176421  0.177496  0.160455  
0.176421  0.177496  0.160455
0.176421  0.177496  0.160455
0.175381  0.176498  0.15901
0.174342  0.175499  0.15801
0.173302  0.1745  0.15701
0.173302  0.1745  0.15701
0.173302  0.1745  0.15701
0.173302  0.1745  0.15701
0.173302  0.1745  0.15701  
0.173302  0.1745  0.15701
0.173302  0.1745  0.15701
0.173302  0.1745  0.15701
0.173302  0.1745  0.15701
0.172264  0.173502  0.155225
0.171226  0.172504  0.15344  
0.170189  0.171505  0.151407
0.170189  0.171505  0.151407
0.170189  0.171505  0.151407
0.170189  0.171505  0.151407
0.170189  0.171505  0.151407  
0.169152  0.170506  0.150407
0.168116  0.169507  0.148573
0.168116  0.169507  0.148573
0.168116  0.169507  0.148573
0.168116  0.169507  0.148573  
0.168116  0.169507  0.148573
0.168116  0.169507  0.148573
0.168116  0.169507  0.148573
0.168116  0.169507  0.148573
0.168116  0.169507  0.148573
0.167081  0.168509  0.146871
0.166046  0.16751  0.145871
0.166046  0.16751  0.145871
0.166046  0.16751  0.145871  
0.166046  0.16751  0.145871
0.166046  0.16751  0.145871
0.166046  0.16751  0.145871
0.166046  0.16751  0.145871
0.166046  0.16751  0.145871
0.166046  0.16751  0.145871
0.166046  0.16751  0.145871
0.166046  0.16751  0.145871
0.165012  0.166511  0.144169  
0.163978  0.165513  0.141578
0.163978  0.165513  0.141578
0.163978  0.165513  0.141578
0.163978  0.165513  0.141578  
0.163978  0.165513  0.141578
0.162946  0.164514  0.138987
0.161914  0.163516  0.136076
0.160881  0.162517  0.133485
0.159849  0.161518  0.131099
0.159849  0.161518  0.131099  
0.159849  0.161518  0.131099
0.159849  0.161518  0.131099
0.159849  0.161518  0.131099  
0.159849  0.161518  0.131099
0.159849  0.161518  0.131099
0.159849  0.161518  0.131099
0.159849  0.161518  0.131099
0.159849  0.161518  0.131099
0.159849  0.161518  0.131099  
0.158818  0.16052  0.128713
0.157787  0.159521  0.125162
0.156756  0.158523  0.122571
0.155725  0.157524  0.12068
0.154694  0.156525  0.119252
0.153663  0.155527  0.117511
0.153663  0.155527  0.117511  
0.153663  0.155527  0.117511
0.153663  0.155527  0.117511
0.153663  0.155527  0.117511
0.153663  0.155527  0.117511
0.152634  0.154528  0.115726
0.151604  0.153529  0.114281  
0.150575  0.15253  0.112043
0.149545  0.151531  0.110011
0.149545  0.151531  0.110011
0.149545  0.151531  0.110011
0.149545  0.151531  0.110011
0.149545  0.151531  0.110011  
0.149545  0.151531  0.110011
0.149545  0.151531  0.110011
0.149545  0.151531  0.110011
0.149545  0.151531  0.110011
0.149545  0.151531  0.110011
0.148517  0.150533  0.107887
0.147488  0.149534  0.106253  
0.147488  0.149534  0.106253
0.147488  0.149534  0.106253
0.147488  0.149534  0.106253
0.147488  0.149534  0.106253
0.147488  0.149534  0.106253
0.147488  0.149534  0.106253
0.147488  0.149534  0.106253
0.147488  0.149534  0.106253
0.146461  0.148535  0.104362  
0.145434  0.147536  0.101771
0.145434  0.147536  0.101771
0.145434  0.147536  0.101771
0.145434  0.147536  0.101771
0.145434  0.147536  0.101771
0.145434  0.147536  0.101771
0.144408  0.146537  0.099533
0.143382  0.145539  0.0978671
0.142356  0.14454  0.0943162  
0.142356  0.14454  0.0943162
0.142356  0.14454  0.0943162
0.142356  0.14454  0.0943162
0.142356  0.14454  0.0943162
0.142356  0.14454  0.0943162
0.142356  0.14454  0.0943162
0.142356  0.14454  0.0943162
0.142356  0.14454  0.0943162
0.142356  0.14454  0.0943162  
0.142356  0.14454  0.0943162
0.142356  0.14454  0.0943162
0.142356  0.14454  0.0943162
0.142356  0.14454  0.0943162
0.142356  0.14454  0.0943162
0.142356  0.14454  0.0943162
0.141333  0.143541  0.0930353
0.141333  0.143541  0.0930353
0.141333  0.143541  0.0930353
0.141333  0.143541  0.0930353  
0.141333  0.143541  0.0930353
0.141333  0.143541  0.0930353
0.141333  0.143541  0.0930353
0.141333  0.143541  0.0930353
0.140311  0.142543  0.0914595
0.139288  0.141544  0.0904595
0.139288  0.141544  0.0904595  
0.139288  0.141544  0.0904595
0.139288  0.141544  0.0904595
0.139288  0.141544  0.0904595
0.138267  0.140546  0.0882214
0.137246  0.139547  0.0872214
0.136225  0.138548  0.0836706
0.136225  0.138548  0.0836706
0.136225  0.138548  0.0836706  
0.136225  0.138548  0.0836706
0.136225  0.138548  0.0836706
0.136225  0.138548  0.0836706
0.136225  0.138548  0.0836706
0.135205  0.137549  0.0819689
0.134185  0.136551  0.0809689
0.133165  0.135552  0.0794426
0.133165  0.135552  0.0794426
0.133165  0.135552  0.0794426  
0.133165  0.135552  0.0794426
0.133165  0.135552  0.0794426
0.132146  0.134554  0.0758918
0.132146  0.134554  0.0758918
0.132146  0.134554  0.0758918
0.132146  0.134554  0.0758918
0.132146  0.134554  0.0758918
0.132146  0.134554  0.0758918
0.132146  0.134554  0.0758918  
0.132146  0.134554  0.0758918
0.132146  0.134554  0.0758918
0.132146  0.134554  0.0758918
0.132146  0.134554  0.0758918
0.132146  0.134554  0.0758918
0.132146  0.134554  0.0758918
0.131129  0.133555  0.0748918
0.130112  0.132557  0.071981
0.129096  0.131558  0.0705176
0.128079  0.130559  0.0688843  
0.128079  0.130559  0.0688843
0.128079  0.130559  0.0688843
0.128079  0.130559  0.0688843
0.128079  0.130559  0.0688843
0.128079  0.130559  0.0688843
0.128079  0.130559  0.0688843
0.127063  0.129561  0.0678843
0.126048  0.128563  0.0661826
0.126048  0.128563  0.0661826
0.126048  0.128563  0.0661826  
0.126048  0.128563  0.0661826
0.125033  0.127564  0.0642267
0.124018  0.126565  0.0606759
0.124018  0.126565  0.0606759
0.124018  0.126565  0.0606759
0.124018  0.126565  0.0606759
0.124018  0.126565  0.0606759
0.124018  0.126565  0.0606759
0.124018  0.126565  0.0606759  
0.123006  0.125566  0.05872
0.123006  0.125566  0.05872
0.123006  0.125566  0.05872
0.123006  0.125566  0.05872
0.121994  0.124568  0.05772
0.120982  0.12357  0.0553339
0.120982  0.12357  0.0553339
0.120982  0.12357  0.0553339  
0.120982  0.12357  0.0553339
0.120982  0.12357  0.0553339
0.120982  0.12357  0.0553339
0.120982  0.12357  0.0553339
0.119973  0.122571  0.0543339
0.119973  0.122571  0.0543339
0.119973  0.122571  0.0543339
0.119973  0.122571  0.0543339  
0.119973  0.122571  0.0543339
0.119973  0.122571  0.0543339
0.118965  0.121572  0.0517427
0.118965  0.121572  0.0517427
0.118965  0.121572  0.0517427
0.118965  0.121572  0.0517427  
0.118965  0.121572  0.0517427
0.117961  0.120573  0.0481918
0.116961  0.119575  0.0452811